RECTANGLES
1 0 508 89
0 88 28 485
461 89 49 203
462 467 33 109
83 153 54 62
206 154 53 60
328 156 53 61
84 278 55 63
207 278 54 63
330 281 53 62
83 398 53 62
206 398 53 63
325 400 58 64
27 524 435 52
509 0 2891 90
3382 90 19 217
3410 306 19 756
2931 1044 479 18
2931 1062 20 51
1196 1094 1735 18
0 1095 1033 17
0 573 16 522
1034 1095 161 16
NODES
1 57 115
2 172 113
3 283 115
4 428 123
5 417 250
6 440 331
7 549 327
8 423 492
9 431 377
10 292 498
11 161 494
12 44 504
13 48 372
14 58 250
15 177 247
16 287 248
17 300 374
18 181 374
EDGES
1 2
2 3
3 4
4 5
5 6
6 9
9 8
8 10
10 11
11 12
12 13
13 14
14 1
14 15
15 16
16 5
9 17
17 18
18 13
2 15
15 18
18 11
10 17
17 16
16 3
6 7
NPCS
111 243 Civilian Static
235 247 Civilian Wander
355 245 Civilian Static
355 369 Civilian Wander
232 365 Civilian Static
112 363 Civilian Wander
106 485 Civilian Static
237 487 Civilian Wander
367 487 Civilian Static
667 327 SmartCop Wander
558 172 DumbCop Wander
664 211 DumbCop Wander
667 403 DumbCop Wander
575 487 DumbCop Wander
PLAYER
1890 302
