RECTANGLES
1 0 508 89 false
0 88 28 485 false
509 0 2891 90 false
2931 1062 20 51 false
1196 1094 1735 18 false
1034 1095 161 16 false
0 0 29 573 false
857 162 511 90 false
29 523 467 50 false
3382 90 19 219 false
2963 306 467 117 false
3401 422 29 640 false
2931 943 32 120 false
2963 1044 438 18 false
0 573 29 540 false
462 370 34 152 false
29 573 467 95 false
461 667 35 135 false
460 89 51 203 false
29 1094 1005 19 false
2918 161 46 659 false
721 157 43 690 false
721 847 342 91 false
1154 848 344 90 false
1451 162 45 686 false
2057 272 24 210 false
1599 352 380 130 false
1599 482 46 366 false
1599 848 429 90 false
2116 848 419 90 false
2150 352 386 130 false
2493 482 43 366 false
462 888 33 206 false
1496 161 1187 111 false
2641 272 42 669 false
82 151 55 65 true
205 151 55 65 true
328 154 55 63 true
84 274 55 67 true
208 275 54 67 true
330 277 53 66 true
82 394 56 67 true
206 399 54 61 true
326 398 57 64 true
882 347 464 85 true
882 517 461 81 true
892 700 460 70 true
92 725 53 63 true
213 725 54 62 true
336 727 53 64 true
89 844 53 64 true
211 843 55 64 true
331 844 58 67 true
118 970 247 74 true
3243 136 39 127 true
3281 168 38 47 true
3261 507 36 417 true
3061 854 126 98 true
3062 683 126 103 true
3061 522 127 101 true
NODES
1 57 115
2 172 113
3 283 115
4 428 123
5 417 250
6 440 331
8 423 492
9 431 377
10 292 498
11 161 494
12 44 504
13 48 372
14 58 250
15 177 247
16 287 248
17 300 374
18 181 374
19 625 115
20 805 123
22 1406 123
24 1404 306
25 818 300
26 814 475
28 818 664
29 1405 666
30 808 810
31 1411 814
32 1107 811
33 1111 974
34 569 856
36 419 945
37 293 936
38 172 932
39 54 935
40 53 816
41 176 814
42 297 816
43 299 693
44 178 690
45 54 692
46 427 692
49 62 1067
50 417 1065
51 641 1030
52 1556 1026
53 1544 312
54 2015 307
55 2018 526
56 2121 525
57 2114 306
58 2584 312
59 2591 1006
60 2075 1001
62 2070 800
63 1402 478
64 2824 1016
69 2867 123
70 2716 123
71 3013 126
72 2997 876
74 3232 1000
75 3225 469
76 3222 649
77 3015 646
79 3223 813
81 3358 464
82 3352 1000
83 551 333
86 422 816
87 426 857
88 3012 463
73 2850 877
89 3009 996
90 3006 811
EDGES
1 2
2 3
3 4
4 5
5 6
6 9
9 8
8 10
10 11
11 12
12 13
13 14
14 1
14 15
15 16
16 5
9 17
17 18
18 13
2 15
15 18
18 11
10 17
17 16
16 3
6 83
83 34
83 19
19 20
20 25
46 43
43 44
44 45
45 40
40 41
41 44
43 42
42 41
34 87
87 86
86 42
86 46
40 39
39 38
38 41
42 37
37 38
37 36
87 36
36 50
50 49
49 39
34 51
51 33
33 32
32 30
32 31
31 29
29 28
30 28
28 26
26 63
63 29
63 24
24 25
25 26
20 22
22 24
33 52
53 52
53 54
54 55
55 56
56 57
56 62
55 62
62 60
52 60
60 59
57 58
58 59
59 64
74 82
82 81
81 75
75 76
76 79
79 74
77 76
69 71
69 70
77 88
88 75
70 22
89 74
77 90
90 79
64 73
73 72
72 89
90 72
73 69
73 70
NPCS
111 243 Civilian Static
235 247 Civilian Wander
355 245 Civilian Static
355 369 Civilian Wander
232 365 Civilian Static
112 363 Civilian Wander
106 485 Civilian Static
237 487 Civilian Wander
367 487 Civilian Static
667 327 SmartCop Wander
558 172 DumbCop Wander
664 211 DumbCop Wander
667 403 DumbCop Wander
575 487 DumbCop Wander
TRIGGER
29 89 433 434 1
29 667 432 427 2
765 244 684 604 3
1645 483 848 364 4
1497 272 560 165 5
2081 273 560 162 6
2964 91 416 212 7
2964 424 437 620 8
PLAYER
3294 968
